30
30
5
40
1
80
10
1
30
60
1
40
6
200
50
6
40
1
80
10
1
30
70
60
10
4
6
6
1
50
400
2
4
6
10
40
1
80
10
1
50
6
60
100
40
1
6
50
400
20
6
6
5
6
10
1
60
2
10
2
2
5
1
30
30
5
6
80
10
1000
50
200
30
40
40
1
300
1
1
6
10
6
4
10
2
30
40
40
1
300
1
1
6
1
30
30
5
70
30
1
20
30
60
1
10
30
100
4
10
200
1
40
50
1
30
200
60
30
2
40
1
1
60
50
30
1
30
1
30
10
5
50
40
50
200
2
2
10
6
1
30
60
1
40
50
6
20
30
30
1
40
50
2
1
30
30
5
6
40
30
1
1
6
6
20
400
2
6
6
200
6
30
6
2
30
1
50
80
200
100
2
10
50
30
1
8
4
6
40
50
200
2
6
30
6
6
100
1
30
6
60
40
50
1
6
1
9
50
30
10
1000
80
200
200
2
2
10
1
30
10
20
10
1
30
90
60
200
30
1
10
20
30
70
1
30
30
5
50
80
60
1
30
1
5
6
60
10
1
5
1
30
5
40
1
20
60
2
400
400
6
6
70
30
10
5
1
40
1
1
20
600
2
400
400
6
6
200
2
2
50
1
50
30
1
400
1
1
600
700
50
1
1
50
50
60
50
10
1
1
6
50
1
600
9
1
50
1
6
200
2
2
50
1
50
6
30
1
400
8
40
30
10
70
30
10
50
1
1
90
200
50
20
40
1
8
40
30
400
5
6
70
30
1
1
30
30
10
50
40
50
100
2
30
30
50
1
6
200
2
2
50
1
50
6
30
1
400
8
40
40
10
50
1
40
1
30
1
9
1
20
400
5
30
50
1
2
5
6
70
80
70
10
50
6
1
1000
80
200
30
50
1
6
1
200
8
40
50
1
1
50
9
400
40
6
30
50
1
80
1
90
60
200
70
30
1
1
30
100
6
40
1
30
20
1
80
200
