2
60
40
40
1
30
30
5
1
30
200
8
40
50
1
50
1
30
200
8
10
40
66
31
31
30
1
1
30
1
5
1
1
30
1
5
1
6
5
6
1
30
50
40
50
8
1
30
100
10
200
70
30
1
400
1
600
50
60
50
2
50
6
30
1
6
50
40
40
50
30
5
40
1
80
10
1
30
60
1
40
6
200
50
6
40
1
80
10
1
30
70
60
10
4
40
50
200
700
5
1
30
30
10
50
10
300
70
10
70
50
60
30
1
30
1
5
1
2
1
700
8
10
70
60
40
1
2
10
50
30
1
10
50
5
50
8
6
30
1
600
8
10
30
40
8
6
30
1
10
30
9
5
50
50
2
60
1
10
30
40
50
30
70
20
60
200
5
1
30
1
5
1
2
40
1
1
1
30
1
5
10
6
1
70
60
20
200
50
30
1
30
60
1
40
6
200
50
6
30
1
6
30
1
10
70
10
8
30
8
70
8
9
50
6
5
6
1
30
70
10
50
1
30
1000
200
40
30
1
1
20
200
1
8
80
10
1
30
4
10
50
100
4
400
2
10
50
50
1
30
200
6
4
40
50
30
1
30
1000
10
80
40
50
10
20
80
200
2
1
30
1000
6
70
6
10
1
40
50
6
2
1
30
30
50
80
100
4
1
60
400
60
100
2
1
30
200
6
400
5
1
30
6
50
900
1
70
30
1
1
50
80
90
40
30
5
6
1
30
30
50
60
40
70
10
50
70
30
10
40
66
31
31
6
30
1
30
30
10
50
1
1
40
50
6
50
10
600
3
50
40
50
30
1
30
900
30
40
1
400
1
400
50
200
1
30
70
1
50
200
50
6
1
30
30
10
50
20
80
6
6
50
6
1
6
50
1
30
1
70
1
30
900
6
70
50
10
600
3
50
50
6
40
50
30
1
50
200
50
1
30
70
1
30
900
30
40
1
400
1
400
50
200
1
1
50
1
1
70
1
90
8
1
6
1
50
200
50
8
40
80
40
10
600
30
6
4
50
